Monaco
S_u=[131,125,49,14,3,0]
S_u=[132,109,42,11,2,0]
S_u=[133,96,36,9,2,0]
S_u=[134,83,32,8,2,0]
S_u=[135,57,20,5,1,0]
S_u=[136,91,35,9,2,0]
S_u=[137,105,39,10,2,0]
S_u=[138,90,35,9,2,0]
S_u=[139,62,23,6,1,0]
S_u=[140,108,41,11,2,0]
S_u=[141,107,41,11,2,0]
S_u=[142,56,19,5,1,0]
S_u=[143,101,38,10,2,0]
S_u=[144,94,36,9,2,0]
S_u=[145,116,45,12,3,0]
S_u=[146,119,46,12,3,0]
S_u=[147,84,32,8,2,0]
S_u=[148,98,37,10,2,0]
S_u=[149,116,45,12,3,0]
S_u=[150,100,37,10,2,0]
S_u=[151,85,33,8,2,0]
S_u=[152,83,32,8,2,0]
S_u=[153,71,27,7,1,0]
S_u=[154,78,30,8,2,0]
S_u=[155,108,41,11,2,0]
S_u=[156,67,25,6,1,0]
S_u=[157,64,24,6,1,0]
S_u=[158,89,34,9,2,0]
S_u=[159,117,45,12,3,0]
S_u=[160,120,46,12,3,0]
S_u=[161,82,31,8,2,0]
S_u=[162,123,48,14,3,0]
S_u=[163,104,38,10,2,0]
S_u=[164,73,28,7,1,0]
S_u=[165,121,47,13,3,0]
S_u=[166,128,50,15,3,0]
S_u=[167,83,32,8,2,0]
S_u=[168,73,28,7,1,0]
S_u=[169,107,41,11,2,0]
S_u=[170,113,44,12,3,0]
S_u=[171,116,45,12,3,0]
S_u=[172,102,38,10,2,0]
S_u=[173,90,35,9,2,0]
S_u=[174,115,45,12,3,0]
S_u=[175,118,45,12,3,0]
S_u=[176,113,44,12,3,0]
S_u=[177,118,45,12,3,0]
S_u=[178,84,32,8,2,0]
S_u=[179,61,22,5,1,0]
S_u=[180,102,38,10,2,0]
S_u=[181,115,45,12,3,0]
S_u=[182,118,45,12,3,0]
S_u=[183,119,46,12,3,0]
S_u=[184,119,46,12,3,0]
S_u=[185,116,45,12,3,0]
S_u=[186,109,42,11,2,0]
S_u=[187,79,31,8,2,0]
S_u=[188,53,17,4,1,0]
S_u=[189,72,27,7,1,0]
S_u=[190,90,35,9,2,0]
S_u=[191,119,46,12,3,0]
S_u=[192,115,45,12,3,0]
S_u=[193,63,24,6,1,0]
S_u=[194,86,33,8,2,0]
S_u=[195,126,49,14,3,0]
S_u=[196,53,17,4,1,0]
S_u=[197,64,24,6,1,0]
S_u=[198,64,24,6,1,0]
S_u=[199,55,18,4,1,0]
S_u=[200,69,26,6,1,0]
S_u=[201,84,32,8,2,0]
S_u=[202,129,50,15,3,0]
S_u=[203,73,28,7,1,0]
S_u=[204,74,28,7,1,0]
S_u=[205,97,37,10,2,0]
S_u=[206,57,20,5,1,0]
S_u=[207,74,28,7,1,0]
S_u=[208,73,28,7,1,0]
S_u=[209,86,33,8,2,0]
S_u=[210,77,30,8,2,0]
S_u=[211,103,38,10,2,0]
S_u=[212,106,40,10,2,0]
S_u=[213,112,43,11,2,0]
S_u=[214,104,38,10,2,0]
S_u=[215,115,45,12,3,0]
S_u=[216,75,29,7,1,0]
S_u=[217,88,33,8,2,0]
S_u=[218,114,44,12,3,0]
S_u=[219,60,21,5,1,0]
S_u=[220,110,42,11,2,0]
S_u=[221,87,33,8,2,0]
S_u=[222,114,44,12,3,0]
S_u=[223,102,38,10,2,0]
S_u=[224,117,45,12,3,0]
S_u=[225,115,45,12,3,0]
S_u=[226,75,29,7,1,0]
S_u=[227,75,29,7,1,0]
S_u=[228,80,31,8,2,0]
S_u=[229,100,37,10,2,0]
S_u=[230,75,29,7,1,0]
S_u=[231,99,37,10,2,0]
S_u=[232,71,27,7,1,0]
S_u=[233,72,27,7,1,0]
S_u=[234,67,25,6,1,0]
S_u=[235,76,29,7,1,0]
S_u=[236,65,24,6,1,0]
S_u=[237,92,35,9,2,0]
S_u=[238,102,38,10,2,0]
S_u=[239,84,32,8,2,0]
S_u=[240,97,37,10,2,0]
S_u=[241,123,48,14,3,0]
S_u=[242,110,42,11,2,0]
S_u=[243,73,28,7,1,0]
S_u=[244,58,20,5,1,0]
S_u=[245,81,31,8,2,0]
S_u=[246,74,28,7,1,0]
S_u=[247,83,32,8,2,0]
S_u=[248,59,20,5,1,0]
S_u=[249,97,37,10,2,0]
S_u=[250,59,20,5,1,0]
S_u=[251,84,32,8,2,0]
S_u=[252,61,22,5,1,0]
S_u=[253,116,45,12,3,0]
S_u=[254,59,20,5,1,0]
S_u=[255,57,20,5,1,0]
S_u=[256,123,48,14,3,0]
S_u=[257,59,20,5,1,0]
S_u=[258,57,20,5,1,0]
S_u=[259,59,20,5,1,0]
S_u=[260,57,20,5,1,0]
S_u=[261,52,16,4,1,0]
S_u=[262,54,17,4,1,0]
S_u=[263,61,22,5,1,0]
S_u=[264,115,45,12,3,0]
S_u=[265,81,31,8,2,0]
S_u=[266,123,48,14,3,0]
S_u=[267,81,31,8,2,0]
S_u=[268,125,49,14,3,0]
S_u=[269,63,24,6,1,0]
S_u=[270,64,24,6,1,0]
S_u=[271,97,37,10,2,0]
S_u=[272,123,48,14,3,0]
S_u=[273,130,51,15,3,0]
S_u=[274,109,42,11,2,0]
S_u=[275,109,42,11,2,0]
S_u=[276,122,47,13,3,0]
S_u=[277,70,27,7,1,0]
S_u=[278,62,23,6,1,0]
S_u=[279,91,35,9,2,0]
S_u=[280,97,37,10,2,0]
S_u=[281,97,37,10,2,0]
S_u=[282,111,42,11,2,0]
S_u=[283,70,27,7,1,0]
S_u=[284,98,37,10,2,0]
S_u=[285,104,38,10,2,0]
S_u=[286,65,24,6,1,0]
S_u=[287,60,21,5,1,0]
S_u=[288,65,24,6,1,0]
S_u=[289,106,40,10,2,0]
S_u=[290,73,28,7,1,0]
S_u=[291,60,21,5,1,0]
S_u=[292,123,48,14,3,0]
S_u=[293,129,50,15,3,0]
S_u=[294,125,49,14,3,0]
S_u=[295,66,25,6,1,0]
S_u=[296,68,26,6,1,0]
S_u=[297,110,42,11,2,0]
S_u=[298,110,42,11,2,0]
S_u=[299,110,42,11,2,0]
S_u=[300,107,41,11,2,0]
S_u=[301,107,41,11,2,0]
S_u=[302,93,36,9,2,0]
S_u=[303,93,36,9,2,0]
S_u=[304,93,36,9,2,0]
S_u=[305,93,36,9,2,0]
S_u=[306,93,36,9,2,0]
S_u=[307,93,36,9,2,0]
S_u=[308,94,36,9,2,0]
S_u=[309,94,36,9,2,0]
S_u=[310,94,36,9,2,0]
S_u=[311,93,36,9,2,0]
S_u=[312,93,36,9,2,0]
S_u=[313,92,35,9,2,0]
S_u=[314,95,36,9,2,0]
S_u=[315,93,36,9,2,0]
S_u=[316,90,35,9,2,0]
S_u=[317,90,35,9,2,0]
S_u=[318,93,36,9,2,0]
S_u=[319,93,36,9,2,0]
S_u=[320,93,36,9,2,0]
S_u=[321,94,36,9,2,0]
S_u=[322,93,36,9,2,0]
S_u=[323,93,36,9,2,0]
S_u=[324,93,36,9,2,0]
S_u=[325,93,36,9,2,0]
S_u=[326,93,36,9,2,0]
S_u=[327,93,36,9,2,0]
S_u=[328,93,36,9,2,0]
S_u=[329,93,36,9,2,0]
S_u=[330,115,45,12,3,0]
S_u=[331,115,45,12,3,0]
S_u=[332,118,45,12,3,0]
S_u=[333,94,36,9,2,0]
S_u=[334,94,36,9,2,0]
S_u=[335,115,45,12,3,0]
S_u=[336,115,45,12,3,0]
S_u=[337,113,44,12,3,0]
S_u=[338,94,36,9,2,0]
S_u=[339,94,36,9,2,0]
S_u=[340,94,36,9,2,0]
S_u=[341,96,36,9,2,0]
S_u=[342,94,36,9,2,0]
S_u=[343,124,48,14,3,0]
S_u=[344,124,48,14,3,0]
S_u=[345,124,48,14,3,0]
S_u=[346,96,36,9,2,0]
S_u=[347,115,45,12,3,0]
S_u=[348,115,45,12,3,0]
S_u=[349,115,45,12,3,0]
S_u=[350,115,45,12,3,0]
S_u=[351,115,45,12,3,0]
S_u=[352,115,45,12,3,0]
S_u=[353,118,45,12,3,0]
S_u=[354,115,45,12,3,0]
S_u=[355,115,45,12,3,0]
S_u=[356,127,50,15,3,0]
S_u=[357,127,50,15,3,0]
S_u=[358,127,50,15,3,0]
S_u=[359,127,50,15,3,0]
S_u=[360,115,45,12,3,0]
S_u=[361,119,46,12,3,0]
